3 class
accuracy:0.941991
loss:0.181461