2 class
accuracy:0.932247
loss:0.163173
